,0,1,2,3,4,5,6,7,8,9,10,11,12,13,14,15,16,17,18,19,20,21,22,23,24,25,26,27,28,29,30,31,32,33,34,35,36,37,38,39,40,41,42,43,44,45,46,47,48,49,50,51,52,53,54,55,56,57,58,59,60,61,62,63,64,65,66,67,68,69,70,71,72,73,74,75,76,77,78,79,80,81,82
0,1.0,0.951588736619,0.970203186935,0.955312334041,0.935286494384,0.940844052664,0.94751702988,0.96512858141,0.923288898944,0.895508417046,0.922038193753,0.957114306064,0.978105000767,0.820461588784,0.937310949547,0.928267026251,0.905774273851,0.976270662424,0.957299778315,0.932275407145,0.873261303052,0.934614431104,0.868063155834,0.959409016488,0.906935273819,0.784729839647,0.84755170799,0.834697302313,0.887150553024,0.796872162748,0.931098381321,0.897370563488,0.443571468194,0.724143951208,-0.36553670257,0.0676930868385,-0.848175530017,0.55730680962,-0.370913814107,0.716513838829,-0.0470861704654,-0.333995986793,0.876217403971,-0.844132317994,0.852182963234,0.64546847931,0.426626084591,0.760694822299,0.863799834523,0.174964342627,-0.2156022006,-0.826033947898,0.11621920021,0.65369663714,-0.197203214403,-0.780799639669,-0.782441843922,0.353461776499,0.802828372159,0.552089343208,0.638987996544,-0.277605937815,-0.611717064543,-0.380223855581,-0.208243184806,0.619616976853,-0.639317818822,-0.411059522836,0.156616280416,-0.0237752572899,0.315933841177,0.125297628769,0.534445981561,-0.691362358072,-0.164738544402,-0.134786032417,-0.300147110538,-0.446745525057,-0.101059138864,-0.139937509641,0.435260670853,0.357217496033,0.652454972601
1,0.951588736619,1.0,0.957527584616,0.981312858561,0.923894494156,0.947820848576,0.867687338859,0.939342342607,0.975190002454,0.754892853357,0.790173427957,0.880294652255,0.918062727694,0.700273322194,0.827773684328,0.983318340779,0.785227015354,0.931321830716,0.884525199457,0.828295863289,0.785339878303,0.869423567538,0.950170958808,0.968902306931,0.767852838398,0.897501011203,0.690105757251,0.683246258159,0.851490949771,0.669068700051,0.848527920809,0.759189797859,0.636223579041,0.597504739818,-0.377457091409,-0.0881168341834,-0.844312091591,0.359168995998,-0.376625177912,0.682265247277,-0.0321932820898,-0.36044251607,0.815495027164,-0.890373201348,0.803769004902,0.50969428678,0.571398540162,0.611215922136,0.755518186902,0.102853878836,-0.202218576388,-0.72863143217,0.120167636879,0.615468423646,-0.208170988933,-0.840121233111,-0.694562999894,0.192188693718,0.842950879193,0.630766593278,0.513217192628,-0.212142557009,-0.594590389955,-0.409293761792,-0.0397996269999,0.55890201857,-0.619607890299,-0.434536570048,0.296547128275,0.040177062716,0.425607276003,0.200741730893,0.517210466801,-0.610353445952,-0.221165868098,0.0250105519755,-0.318590827799,-0.279188002552,-0.175847065618,-0.0557586359523,0.511333330696,0.411683553176,0.745817144131
2,0.970203186935,0.957527584616,1.0,0.962831034357,0.933894136147,0.937115507073,0.906564191821,0.952628313107,0.935152183619,0.804834917227,0.869917429484,0.90080701347,0.930927516168,0.742560589653,0.899418961921,0.934551218036,0.836114503212,0.966480425613,0.908488133155,0.86430515422,0.81981244239,0.924470320017,0.885234616319,0.958361822922,0.827633592973,0.81297065457,0.772363665748,0.749754276275,0.844896965054,0.727739287196,0.907627977642,0.845923674537,0.500879821111,0.670071918944,-0.379226037198,-0.0132636577708,-0.843752416486,0.425503203218,-0.366771288911,0.660197178956,-0.0625635776175,-0.36855408191,0.806196675413,-0.857157380152,0.793967647019,0.536571913694,0.47991971048,0.676447422839,0.796415400034,0.170424324128,-0.264634407048,-0.7595664116,0.124132155312,0.591536324125,-0.178751896121,-0.803021004191,-0.746359991946,0.28237933925,0.812415872297,0.559428876106,0.553535462924,-0.254583646775,-0.604482133292,-0.388315210652,-0.147907503035,0.61691545196,-0.620095203929,-0.45190412325,0.227235387919,-0.0207336256002,0.333115580483,0.134573144395,0.5225465386,-0.63267793289,-0.221715411141,-0.0266192651324,-0.25221472712,-0.397357659201,-0.13201687501,-0.0833329620167,0.464063602588,0.369622391522,0.672073738029
3,0.955312334041,0.981312858561,0.962831034357,1.0,0.92850237484,0.972108827738,0.88711589951,0.967816293049,0.961623310454,0.768498116258,0.807901412119,0.895000067948,0.931389053633,0.723557733801,0.848207665047,0.955878087158,0.813476707483,0.944933840989,0.912644696725,0.830538384871,0.83113377111,0.884313143296,0.915219688262,0.974330187821,0.786241683651,0.864678898881,0.709209574812,0.712798970141,0.883368510058,0.728421949565,0.877370636119,0.794770426807,0.577121117428,0.658954166192,-0.358334568887,-0.0880176055005,-0.82452654809,0.374382958743,-0.34085804184,0.697748220666,-0.0410839799945,-0.381458964963,0.805700427521,-0.883072298184,0.838128370248,0.509448353552,0.545028688348,0.631599715939,0.797057649216,0.133227550581,-0.261655467764,-0.749738201822,0.136166464877,0.593804793825,-0.217205259532,-0.819023850804,-0.702468272092,0.246211359054,0.8649119246,0.656148059583,0.536495247213,-0.194545226016,-0.563703986723,-0.403362768469,-0.0366023537022,0.576983349188,-0.63076636239,-0.417862563183,0.220965677356,-0.0235242829296,0.393079164971,0.197749373726,0.502570519756,-0.601623543586,-0.24169803771,0.0152130336862,-0.315463196853,-0.287607927062,-0.192417860653,-0.0783983053763,0.455916191709,0.460406860785,0.726641287354
4,0.935286494384,0.923894494156,0.933894136147,0.92850237484,1.0,0.864902380162,0.885467015478,0.945041334096,0.938393688325,0.791337475381,0.818025553247,0.897762013905,0.930767444838,0.769067013586,0.859491585952,0.891883004466,0.840119554698,0.946981734886,0.896359705826,0.83213268437,0.826661775512,0.869826578149,0.853465882023,0.928619840783,0.830068489074,0.797449577007,0.72184581974,0.726063925993,0.850254023147,0.732002377714,0.848982312091,0.814643154286,0.43061306131,0.660192889457,-0.349574605872,-0.123246688365,-0.806658693869,0.438465904204,-0.370227405097,0.652619148791,-0.0188090157218,-0.326351989232,0.803719932118,-0.878839884615,0.826011324583,0.547818751795,0.47378692187,0.583402313069,0.78474442812,0.122054788305,-0.230973902855,-0.713250316295,0.0625512499274,0.537173126927,-0.230746067025,-0.795429826434,-0.681966444508,0.360683829957,0.829767879286,0.616418039709,0.552260570215,-0.251230254475,-0.619123285205,-0.37298903753,-0.114212877985,0.49321730085,-0.699112593433,-0.369443400728,0.196727838444,-0.024554995139,0.327096371213,0.20390898181,0.488729842484,-0.638068866513,-0.125104203923,-0.0633594990276,-0.253893581898,-0.350735175997,-0.193320646884,-0.1081538689,0.557081581534,0.273814880338,0.693890129701
5,0.940844052664,0.947820848576,0.937115507073,0.972108827738,0.864902380162,1.0,0.900902380972,0.948284610477,0.915741911274,0.773123382379,0.813351888813,0.876836537043,0.912494181548,0.713315560629,0.840592412187,0.922587297745,0.804082638086,0.918477469987,0.908670580516,0.822611818752,0.821767625226,0.867469950666,0.868963344166,0.948046858646,0.776014663152,0.813641466807,0.725390984575,0.739099646732,0.869062008526,0.743909986553,0.871183218315,0.80705974947,0.538669587349,0.671834197346,-0.378427933225,-0.0250635677102,-0.79755485274,0.38772214208,-0.321260441178,0.721279905582,-0.0666073623618,-0.407506356703,0.790721263676,-0.827210946203,0.833636150458,0.496021710204,0.493128724236,0.676891181974,0.809520818081,0.1433952754,-0.290502452254,-0.781347895971,0.186727634193,0.58526000071,-0.210572319145,-0.768947235214,-0.74219036223,0.230729826766,0.823691677369,0.604490235904,0.527639622184,-0.179961413643,-0.529715583581,-0.406508241658,-0.0827577413563,0.583909314916,-0.603553900111,-0.429717404102,0.1791323597,-0.0344657224153,0.335790596909,0.135300644325,0.477233634286,-0.569815706376,-0.284419260771,-0.0263655947522,-0.345722727472,-0.310844359091,-0.162946554276,-0.111296876552,0.358101409074,0.479727106028,0.664117139813
6,0.94751702988,0.867687338859,0.906564191821,0.88711589951,0.885467015478,0.900902380972,1.0,0.916796540832,0.833889044988,0.860475292146,0.903853256908,0.923404496488,0.941432730036,0.837119345837,0.903777226589,0.839122797983,0.904088546763,0.924152043534,0.941171886347,0.88393511493,0.854282675808,0.89679921138,0.754014053267,0.907441132481,0.881491036156,0.671406838883,0.834371036775,0.857460485663,0.874316441508,0.82244716509,0.90954991912,0.909059297787,0.304552097376,0.747132077487,-0.356798072064,0.0924409192802,-0.775536132419,0.566714484078,-0.303454052823,0.791533651806,-0.0161511397402,-0.381521992894,0.829408482553,-0.755103234927,0.867869814118,0.580932390543,0.323005333772,0.758002415031,0.859128052858,0.195166262349,-0.306158273698,-0.809784801068,0.128659221872,0.571264533621,-0.178207872259,-0.683319898979,-0.822581662817,0.435069402705,0.755072182235,0.478389409469,0.619933836219,-0.272858075047,-0.601126622652,-0.318673254443,-0.287164771521,0.614165154662,-0.64318248075,-0.416234658482,0.0402468961998,-0.140470077679,0.201122621224,-0.0372527231787,0.487753801736,-0.612201673618,-0.160326489939,-0.229712286258,-0.252099233498,-0.51054124471,-0.0891853227616,-0.204133322334,0.340543642543,0.347901613919,0.561227825668
7,0.96512858141,0.939342342607,0.952628313107,0.967816293049,0.945041334096,0.948284610477,0.916796540832,1.0,0.93111846077,0.831850764734,0.866226040155,0.928852302268,0.960062102658,0.804256192528,0.89603510721,0.913699654112,0.880405474847,0.968709408663,0.950273380185,0.870876955097,0.892467806995,0.900990219132,0.865245043901,0.958379234601,0.852328970532,0.783556205065,0.777802407063,0.781694810547,0.897559016046,0.816017138003,0.91523182576,0.869192142858,0.447377205867,0.759406605047,-0.351974199313,-0.0215303466331,-0.807996505446,0.477165836891,-0.321519027765,0.703459473726,-0.0397962903468,-0.368916546985,0.83599102954,-0.852532301121,0.867569599073,0.567685561089,0.449185438037,0.704090385383,0.855159191621,0.16317719518,-0.277871534782,-0.792502229797,0.115457787726,0.603101717233,-0.212214418185,-0.782242017319,-0.74136607949,0.352870403559,0.825494526413,0.618047287896,0.589376931334,-0.219537946762,-0.554930414382,-0.358838009426,-0.129860238471,0.602647400034,-0.649557658484,-0.389717262208,0.133543823315,-0.069194567458,0.299492243964,0.184805371799,0.504423528221,-0.651483703024,-0.193348801803,-0.0570694038931,-0.312097451709,-0.371284496707,-0.156881831868,-0.120320677745,0.426889142583,0.384195216914,0.658037822363
8,0.923288898944,0.975190002454,0.935152183619,0.961623310454,0.938393688325,0.915741911274,0.833889044988,0.93111846077,1.0,0.726589754307,0.749018904579,0.855928038179,0.899761402534,0.691299528936,0.792193001379,0.961275730331,0.76477509157,0.916770159717,0.861524263073,0.790131143328,0.758366278709,0.845346349799,0.944995587686,0.939452177995,0.739257202305,0.89635206832,0.646987867436,0.653558788775,0.826822484539,0.635547704862,0.808745390147,0.722433172737,0.637075510076,0.568127128516,-0.374058792139,-0.150916818816,-0.827331353274,0.333160876618,-0.40300643699,0.634346579443,-0.0223467954544,-0.341564076678,0.796539655617,-0.884844351822,0.773403817507,0.488332511173,0.579966908483,0.562861878584,0.724634742969,0.0805974075284,-0.170878324121,-0.695606952047,0.114475144654,0.593297328313,-0.222793566217,-0.86521705012,-0.643276671939,0.180137566144,0.839279385252,0.638503447537,0.505825038846,-0.204858591757,-0.598125895274,-0.404867879974,-0.0180089374893,0.479608458078,-0.636680399049,-0.419426158148,0.309689941618,0.0254818168943,0.412667320852,0.237903162626,0.506751939842,-0.615631043191,-0.195188128895,0.0611791322365,-0.308164544519,-0.227472231479,-0.204920400836,-0.062065727499,0.588088425294,0.400818990373,0.77444438924
9,0.895508417046,0.754892853357,0.804834917227,0.768498116258,0.791337475381,0.773123382379,0.860475292146,0.831850764734,0.726589754307,1.0,0.938040605025,0.910376310901,0.911401545115,0.835340986931,0.920392597812,0.723135437885,0.910037945516,0.856840483965,0.895688483977,0.935877159715,0.844623448174,0.853886353193,0.655294128399,0.791143899216,0.957594974814,0.565424389235,0.921112174759,0.886764627714,0.798195918307,0.811971123599,0.860733043812,0.899808189583,0.202757526256,0.742054495518,-0.240265357086,0.259690971378,-0.71341053452,0.815764139165,-0.323867125413,0.629119420351,-0.0154683962502,-0.0785519246948,0.866786982687,-0.657078565809,0.772403230072,0.845868590156,0.227036585934,0.813420438164,0.845857436491,0.220578721274,0.000879456267841,-0.780976304052,0.0901542949842,0.664147070799,-0.151912366663,-0.610396761707,-0.719802928995,0.481699805343,0.613707338523,0.389165254149,0.72177772933,-0.304130100762,-0.514457325467,-0.254351124081,-0.322560632088,0.584393968709,-0.542048767165,-0.216627554945,-0.0267697838957,-0.0460677535838,0.190974751309,0.0910194987216,0.469702386228,-0.710261333252,-0.0483021472683,-0.347221820685,-0.250406629528,-0.495965071133,0.0388886119111,-0.194186233726,0.306246912356,0.255845137866,0.479362328264
10,0.922038193753,0.790173427957,0.869917429484,0.807901412119,0.818025553247,0.813351888813,0.903853256908,0.866226040155,0.749018904579,0.938040605025,1.0,0.910015835649,0.911870979455,0.821034044475,0.972645129662,0.759342667444,0.908142260712,0.895801631011,0.912218376965,0.959171276179,0.863036194429,0.892253625047,0.672410234906,0.826948039405,0.950347361763,0.575363427712,0.95963096908,0.877074480701,0.822911959434,0.824898283113,0.923767266875,0.943949480721,0.220538282052,0.772212253758,-0.28440222192,0.34923024901,-0.736728494999,0.719561217858,-0.273968460056,0.660591366053,0.00267072080471,-0.249731174652,0.849282083624,-0.667745831042,0.780480847868,0.744143949819,0.233989302228,0.872807931899,0.855920375398,0.233155657756,-0.14382594311,-0.796186782282,0.0676403673132,0.713638170941,-0.069158223649,-0.630875357686,-0.744012239598,0.452907278636,0.662324743165,0.384804884152,0.702313380941,-0.323053657005,-0.539832007417,-0.245086059181,-0.326939804618,0.698603050888,-0.46228651192,-0.323091066121,0.019458013917,-0.0738508461795,0.184428864483,0.033756532598,0.547159475026,-0.670550371778,-0.12592501768,-0.299531136881,-0.214529598825,-0.58419527915,0.0784351621573,-0.153570417675,0.293984988019,0.272575578695,0.482456573084
11,0.957114306064,0.880294652255,0.90080701347,0.895000067948,0.897762013905,0.876836537043,0.923404496488,0.928852302268,0.855928038179,0.910376310901,0.910015835649,1.0,0.978566420473,0.892904203053,0.914322325651,0.849959895735,0.957003997561,0.950134934987,0.960294099986,0.94288300263,0.882955341878,0.89288601702,0.801839581722,0.90414274598,0.940093062121,0.72590205657,0.86073893911,0.837449782516,0.871807341614,0.798119516526,0.917331903188,0.896205065597,0.365062755857,0.752811848294,-0.345541956475,0.11713299698,-0.798030841463,0.643758978927,-0.388045825779,0.710670375774,0.0046921625353,-0.266437878367,0.901933292891,-0.765653098473,0.85833287543,0.700162890288,0.384248468645,0.785566513508,0.862473014694,0.131484257638,-0.151281828637,-0.812137889036,0.0665475997068,0.684859353026,-0.156634704451,-0.735451087916,-0.731670228383,0.397500917027,0.757326524087,0.527404072202,0.682529345782,-0.328900490285,-0.609835052465,-0.310067161351,-0.248718840344,0.596297450593,-0.60392706117,-0.339241015132,0.107699248781,-0.0753180198851,0.289175587444,0.158489496893,0.562004452275,-0.724964680233,-0.011607706667,-0.217074122531,-0.243296221897,-0.429777911111,-0.0372276927244,-0.161364294573,0.403636031562,0.31578648637,0.609393301975
12,0.978105000767,0.918062727694,0.930927516168,0.931389053633,0.930767444838,0.912494181548,0.941432730036,0.960062102658,0.899761402534,0.911401545115,0.911870979455,0.978566420473,1.0,0.868557784384,0.926427190769,0.892589943581,0.935946178246,0.964940910101,0.975006757655,0.931283135875,0.900218291552,0.920034896954,0.83714051397,0.940655087915,0.925314619664,0.76626413378,0.843087689832,0.844482020346,0.914011786649,0.831864561666,0.927460339324,0.895529127386,0.407775153035,0.769144319652,-0.316738456659,0.0603623971316,-0.806123876198,0.624749387894,-0.359610169191,0.728682287963,0.0118802548095,-0.28214899366,0.90028823939,-0.81760913814,0.885901372306,0.693642748294,0.429930573266,0.758806842028,0.884849170169,0.175772775636,-0.167495651617,-0.814970499166,0.119686269553,0.661152366102,-0.20463330787,-0.758566961046,-0.747696341092,0.42034944414,0.790313618644,0.58761495462,0.676958324839,-0.263579770922,-0.585397861841,-0.32368895935,-0.184335024574,0.595096591621,-0.649436995557,-0.333077982768,0.0965228730873,-0.0644727693702,0.303846953779,0.184546344563,0.527930137724,-0.705040836421,-0.0966708789432,-0.178216527853,-0.283464150572,-0.410672597332,-0.107659190066,-0.165466381925,0.435211103196,0.332357012328,0.640276820348
13,0.820461588784,0.700273322194,0.742560589653,0.723557733801,0.769067013586,0.713315560629,0.837119345837,0.804256192528,0.691299528936,0.835340986931,0.821034044475,0.892904203053,0.868557784384,1.0,0.80361353498,0.689872327771,0.949768645812,0.821073156934,0.876866448851,0.833300807574,0.823253477875,0.815661449547,0.626979649657,0.760798198129,0.866295176963,0.514282884315,0.778285238894,0.83568098934,0.77429615191,0.776675045577,0.813668443873,0.864983492747,0.141872399142,0.780259628108,-0.313694681658,0.158425364169,-0.66610464559,0.677729026745,-0.302785218128,0.647390417223,0.0440876021245,-0.200722748356,0.782143668234,-0.617034130687,0.789619531168,0.633118014312,0.189051379746,0.76181916959,0.782044889565,0.152749616908,-0.211887072017,-0.751038049238,0.0218279551488,0.554405956612,-0.1591229245,-0.620465816041,-0.694840903239,0.481198702294,0.614375700485,0.374038583903,0.682470671863,-0.342569461241,-0.509196393717,-0.129671879611,-0.340497455277,0.542864421109,-0.569818761093,-0.359413954141,-0.0434454922662,-0.140304292654,0.115866733574,0.0244565082491,0.520036279712,-0.606966078756,0.147105694875,-0.269955803887,-0.162884676321,-0.439787748551,-0.0616828889396,-0.232062532834,0.335132397651,0.228445023909,0.466662811173
14,0.937310949547,0.827773684328,0.899418961921,0.848207665047,0.859491585952,0.840592412187,0.903777226589,0.89603510721,0.792193001379,0.920392597812,0.972645129662,0.914322325651,0.926427190769,0.80361353498,1.0,0.794997313121,0.898803200241,0.92494169993,0.923192307566,0.954481288306,0.873818178524,0.888978176454,0.718557869581,0.863586876484,0.942505570863,0.621254651817,0.918844381631,0.836702271032,0.85013580292,0.824108764614,0.928535514028,0.927146073978,0.260047107029,0.77683249834,-0.289377479798,0.309230494933,-0.742257053053,0.667176278679,-0.286718829634,0.648457734998,0.0179951533372,-0.289918107956,0.860852731219,-0.72464046407,0.796838998585,0.732195555957,0.270921017746,0.832249541594,0.86402659408,0.244129730348,-0.176157165014,-0.778573587733,0.096227812711,0.698963521436,-0.14768039653,-0.665439542911,-0.728639624628,0.448530037266,0.703052787475,0.465875136244,0.66404513851,-0.280389564346,-0.560904971322,-0.273231684966,-0.254753576281,0.688625620382,-0.527700539386,-0.301932099109,0.0215593784076,-0.06860307617,0.213556678437,0.0827784914543,0.549085085015,-0.67399678354,-0.148162978055,-0.237061732493,-0.224954042957,-0.537202953184,-0.000773134785455,-0.121402073215,0.333831670404,0.283571353097,0.522677237036
15,0.928267026251,0.983318340779,0.934551218036,0.955878087158,0.891883004466,0.922587297745,0.839122797983,0.913699654112,0.961275730331,0.723135437885,0.759342667444,0.849959895735,0.892589943581,0.689872327771,0.794997313121,1.0,0.761965625679,0.907714120408,0.86351085847,0.798591147788,0.754241288948,0.849047842259,0.952485363352,0.950133023342,0.726620326306,0.896920944742,0.653188932416,0.664364607684,0.832137173738,0.650734915018,0.823479653822,0.73047934428,0.664785356992,0.587669851545,-0.375955568201,-0.0930725513476,-0.845364097395,0.329907170106,-0.394398584991,0.651410789635,-0.0313881534191,-0.369372023276,0.796397010553,-0.867433429788,0.780369603879,0.476504309126,0.566169357573,0.608281410611,0.73080246828,0.120265657965,-0.205587382278,-0.719759404984,0.119604588188,0.615988425575,-0.21306977527,-0.832594954766,-0.688149163173,0.186340966377,0.806154610786,0.615365134327,0.504814107528,-0.206430121432,-0.564220516153,-0.379546015747,-0.0319747949049,0.545275373765,-0.599941512329,-0.451934636174,0.310240728693,0.0699090107673,0.434154314926,0.20687449021,0.519375985636,-0.595036287951,-0.216159422402,0.0592057137742,-0.331042412738,-0.269063529947,-0.187373607111,-0.0519423762174,0.506502366873,0.383637812844,0.71780243425
16,0.905774273851,0.785227015354,0.836114503212,0.813476707483,0.840119554698,0.804082638086,0.904088546763,0.880405474847,0.76477509157,0.910037945516,0.908142260712,0.957003997561,0.935946178246,0.949768645812,0.898803200241,0.761965625679,1.0,0.898832282112,0.936923176158,0.916859278453,0.876843378416,0.882146704814,0.698226270253,0.843945613324,0.938283203042,0.603616696011,0.862071620551,0.87355263811,0.839564110491,0.822283313821,0.892428111959,0.927556831842,0.219017146205,0.798692789187,-0.306623172368,0.183693630275,-0.744407334789,0.696025369435,-0.346152080065,0.676501512429,0.0249958410534,-0.237161974892,0.85379557611,-0.678687453267,0.831659657391,0.692407550103,0.275428833485,0.820892366624,0.846710296208,0.197144911912,-0.184657137829,-0.805239858271,0.0457382713643,0.639874681568,-0.133967420519,-0.665277368528,-0.73525634322,0.503298646926,0.69761617791,0.437648214875,0.712853678726,-0.324660023271,-0.564831074135,-0.199864366686,-0.300706269307,0.602430378728,-0.575612840077,-0.33836839334,-0.001863021813,-0.15451166056,0.179302130418,0.0600507947698,0.56413772351,-0.672019674669,0.0692839885306,-0.2773050917,-0.216929580671,-0.484308826824,-0.0189540548356,-0.19153839382,0.328315955633,0.271817754901,0.500852130967
17,0.976270662424,0.931321830716,0.966480425613,0.944933840989,0.946981734886,0.918477469987,0.924152043534,0.968709408663,0.916770159717,0.856840483965,0.895801631011,0.950134934987,0.964940910101,0.821073156934,0.92494169993,0.907714120408,0.898832282112,1.0,0.952938537629,0.910298600974,0.880379498626,0.917647891472,0.857956489624,0.94758658716,0.887943969947,0.758783244819,0.815734745177,0.807661801173,0.868704430778,0.788076503775,0.931556281818,0.886855574816,0.41314796847,0.743959035084,-0.366206933174,0.0484563939654,-0.824872301281,0.519556332099,-0.358987235222,0.6864396587,-0.0493376719697,-0.362213360356,0.857698656154,-0.82693944407,0.841264018123,0.609607363768,0.398525160049,0.738271368186,0.848617922253,0.164921859141,-0.250697004341,-0.792563988785,0.0649768548765,0.632321038736,-0.203656698365,-0.773424283928,-0.75460539001,0.347791453854,0.793520700109,0.548511099248,0.633168740811,-0.295097839698,-0.615487068537,-0.357676131697,-0.202259602736,0.615388832737,-0.65269943835,-0.414863335458,0.14866700772,-0.0595053483668,0.27339505296,0.156560077995,0.556605263471,-0.694591510437,-0.167599961202,-0.0892332234235,-0.260623389378,-0.433137076609,-0.105520743411,-0.113014693519,0.448691513891,0.317050528962,0.635280488563
18,0.957299778315,0.884525199457,0.908488133155,0.912644696725,0.896359705826,0.908670580516,0.941171886347,0.950273380185,0.861524263073,0.895688483977,0.912218376965,0.960294099986,0.975006757655,0.876866448851,0.923192307566,0.86351085847,0.936923176158,0.952938537629,1.0,0.917336797853,0.922706242167,0.90948859299,0.78850584006,0.922986326361,0.908970102923,0.708044548194,0.843226951696,0.859370374281,0.913223481575,0.862436453848,0.940071978083,0.914087089244,0.34235624503,0.836386765675,-0.270923237905,0.112295799464,-0.751249746827,0.626898020893,-0.285682160425,0.725123716398,0.0381086933344,-0.316562473681,0.874318095271,-0.779038187994,0.894544759901,0.672291478122,0.358651117537,0.798577822597,0.896956114871,0.219407547454,-0.211337418429,-0.825003971353,0.0830130128212,0.663399507472,-0.218016812618,-0.727649809192,-0.750519049229,0.46426177999,0.755676313784,0.561710322052,0.690448247186,-0.250994196237,-0.522729277826,-0.251420814923,-0.190674770775,0.633111073279,-0.628752697641,-0.3315991733,0.0427571884744,-0.0934733413039,0.271584880316,0.164649558828,0.534400949278,-0.659415229261,-0.148685664325,-0.182251902464,-0.267946372445,-0.428628279872,-0.0944491876837,-0.147907708032,0.381440475205,0.349275182441,0.602408371718
19,0.932275407145,0.828295863289,0.86430515422,0.830538384871,0.83213268437,0.822611818752,0.88393511493,0.870876955097,0.790131143328,0.935877159715,0.959171276179,0.94288300263,0.931283135875,0.833300807574,0.954481288306,0.798591147788,0.916859278453,0.910298600974,0.917336797853,1.0,0.848980952426,0.867682486934,0.735345436302,0.839169555588,0.960891211824,0.633287493708,0.928442616006,0.84484985679,0.823930283986,0.76450885971,0.901591912451,0.907346848554,0.303425353836,0.726521368017,-0.333804414891,0.331379831992,-0.764728498947,0.711721585049,-0.344674720026,0.670153238713,-0.00401115482084,-0.240539196032,0.900244006772,-0.687810251268,0.797151581533,0.788574083923,0.274624781282,0.862644006546,0.838382095669,0.126433528302,-0.0838766709889,-0.793515285123,0.0360504466764,0.767134035354,-0.0957779242031,-0.666752847387,-0.688951817944,0.371509530708,0.692733996192,0.424375231132,0.71215295855,-0.370141051552,-0.603372384799,-0.297220786101,-0.287797799864,0.649429607226,-0.483320464678,-0.327854740621,0.091020327567,-0.0302425420342,0.242819381323,0.0884197004666,0.616832664011,-0.715772400117,-0.0772592982081,-0.276420821953,-0.228621578208,-0.514242305527,0.0928573969529,-0.139795756024,0.345228626193,0.26868067465,0.53796665363
20,0.873261303052,0.785339878303,0.81981244239,0.83113377111,0.826661775512,0.821767625226,0.854282675808,0.892467806995,0.758366278709,0.844623448174,0.863036194429,0.882955341878,0.900218291552,0.823253477875,0.873818178524,0.754241288948,0.876843378416,0.880379498626,0.922706242167,0.848980952426,1.0,0.834704270146,0.680664876547,0.851037981282,0.865443162772,0.592295975925,0.807155214574,0.798679210409,0.882018861308,0.909160670046,0.910734379696,0.890212121188,0.206729809208,0.878241406938,-0.188116781569,0.127598588209,-0.599080564642,0.635055984835,-0.0353526924306,0.687567775736,0.0521012346491,-0.284931543593,0.800831037536,-0.717464439314,0.848353888962,0.639271864089,0.289155111936,0.753722604101,0.884597709758,0.242905748265,-0.242020616121,-0.755566194477,0.0537868724266,0.57957477765,-0.159157801329,-0.615270838209,-0.686013417772,0.545390490892,0.697566544663,0.552993854656,0.621212879203,-0.119253375584,-0.410036131728,-0.192602407234,-0.1340525254,0.650706973126,-0.551860054367,-0.226492436079,-0.0687961025021,-0.158964388807,0.170847859857,0.187546281798,0.445397424824,-0.582990515312,-0.153705814218,-0.214499502568,-0.197372714091,-0.437293799278,-0.11949712046,-0.136210761895,0.323536853112,0.266284491543,0.497835900876
21,0.934614431104,0.869423567538,0.924470320017,0.884313143296,0.869826578149,0.867469950666,0.89679921138,0.900990219132,0.845346349799,0.853886353193,0.892253625047,0.89288601702,0.920034896954,0.815661449547,0.888978176454,0.849047842259,0.882146704814,0.917647891472,0.90948859299,0.867682486934,0.834704270146,1.0,0.783960595097,0.90490375947,0.863173567904,0.710028534989,0.809675344912,0.869084259256,0.844818058375,0.775363984248,0.909511423076,0.887371355081,0.362898081638,0.717291853035,-0.280190399256,0.0619771796024,-0.797310526747,0.572477997202,-0.295177268166,0.651455535602,-0.0310324572962,-0.271836542956,0.810740352708,-0.771075015159,0.793299021494,0.615186887086,0.413326946226,0.73040451203,0.805146384984,0.245712492115,-0.237970377545,-0.782696161871,0.0951327417699,0.573043531768,-0.167017162752,-0.704564343197,-0.738470032666,0.407120870552,0.75810035981,0.49094897835,0.727786869804,-0.283535936845,-0.544952180645,-0.284594093385,-0.194020179572,0.609767716932,-0.594125533386,-0.419497173185,0.121480320364,-0.0487186199367,0.288130252072,0.0956891780819,0.515272269792,-0.615314088287,-0.157798783019,-0.154153529681,-0.236515657051,-0.432768676924,-0.0851209526897,-0.149127624908,0.395962588795,0.355613027407,0.601711802007
22,0.868063155834,0.950170958808,0.885234616319,0.915219688262,0.853465882023,0.868963344166,0.754014053267,0.865245043901,0.944995587686,0.655294128399,0.672410234906,0.801839581722,0.83714051397,0.626979649657,0.718557869581,0.952485363352,0.698226270253,0.857956489624,0.78850584006,0.735345436302,0.680664876547,0.783960595097,1.0,0.904871989821,0.665421678441,0.89991728314,0.575184821744,0.56498421264,0.750187247984,0.544075042351,0.746517775817,0.642193409127,0.707076598275,0.485368260697,-0.388322574767,-0.150709057957,-0.812661503131,0.262562618619,-0.423685841215,0.552042630967,-0.0560617974456,-0.315055106764,0.751656083967,-0.848720350019,0.690051579621,0.434976725779,0.603365764201,0.531054650843,0.644448109032,0.0632659280116,-0.14444383512,-0.628748955574,0.099653557483,0.574908709773,-0.227020624287,-0.839121194588,-0.610463329575,0.0907963618724,0.778042709943,0.600883591699,0.433336571709,-0.199200108092,-0.580296086516,-0.398828665882,0.00523162494059,0.442673877615,-0.589785241107,-0.434290650506,0.352482004763,0.0501621750291,0.432245525528,0.24185721733,0.511097503023,-0.602696806463,-0.157432284484,0.14964717553,-0.317393328565,-0.167632733602,-0.185244886128,0.0104868937848,0.52270566227,0.374213552283,0.716218327299
23,0.959409016488,0.968902306931,0.958361822922,0.974330187821,0.928619840783,0.948046858646,0.907441132481,0.958379234601,0.939452177995,0.791143899216,0.826948039405,0.90414274598,0.940655087915,0.760798198129,0.863586876484,0.950133023342,0.843945613324,0.94758658716,0.922986326361,0.839169555588,0.851037981282,0.90490375947,0.904871989821,1.0,0.804126602398,0.840048802167,0.724576566045,0.741011580741,0.892792293995,0.768283841284,0.89661827467,0.826360684476,0.51120523215,0.704459665925,-0.317090229238,-0.0715566964951,-0.820751606627,0.41278252325,-0.309203887615,0.696251979678,-0.010444540113,-0.37926281628,0.815866510109,-0.880746063494,0.840412997343,0.521426692811,0.519795376131,0.655914610944,0.822184150805,0.198059646102,-0.283387447589,-0.762466642571,0.11157684939,0.576344343193,-0.212530800144,-0.800042780215,-0.749388913477,0.333874006278,0.833247805243,0.643788912577,0.548990289382,-0.18903166394,-0.555735554883,-0.350887641302,-0.0705280115025,0.593164610892,-0.648575490157,-0.410898051597,0.191347204249,-0.0566205103257,0.360372450929,0.170266364383,0.505374242989,-0.610111206199,-0.202992132082,-0.00581512133912,-0.316567487527,-0.330049705873,-0.201239586841,-0.0865818378185,0.460196906608,0.369807708847,0.672659170854
24,0.906935273819,0.767852838398,0.827633592973,0.786241683651,0.830068489074,0.776014663152,0.881491036156,0.852328970532,0.739257202305,0.957594974814,0.950347361763,0.940093062121,0.925314619664,0.866295176963,0.942505570863,0.726620326306,0.938283203042,0.887943969947,0.908970102923,0.960891211824,0.865443162772,0.863173567904,0.665421678441,0.804126602398,1.0,0.569622470109,0.924726858268,0.873203542766,0.816414657438,0.802719352291,0.887008430191,0.920309335082,0.190614666457,0.751644597934,-0.293883355681,0.288865172046,-0.713934515129,0.776123303488,-0.323588140215,0.660418665873,0.0153694761495,-0.178715822199,0.880740264282,-0.660044346539,0.800414270564,0.803758593169,0.244105628224,0.822299803308,0.846282912188,0.173721323013,-0.0882181594038,-0.777402076176,0.0610838344964,0.674901813512,-0.148943974611,-0.608976922923,-0.688069943457,0.472846255685,0.67227676966,0.419316780969,0.723489111276,-0.343456038533,-0.579201378445,-0.259320542539,-0.310031532403,0.602415048238,-0.549122717979,-0.255156951083,-0.0166384610904,-0.0790108407173,0.179409119162,0.0848956694277,0.534585609657,-0.702873338457,-0.0158605259872,-0.358557193838,-0.206678302982,-0.520205510822,0.0530723368574,-0.189692202074,0.315109057952,0.2303835535,0.483940340785
25,0.784729839647,0.897501011203,0.81297065457,0.864678898881,0.797449577007,0.813641466807,0.671406838883,0.783556205065,0.89635206832,0.565424389235,0.575363427712,0.72590205657,0.76626413378,0.514282884315,0.621254651817,0.896920944742,0.603616696011,0.758783244819,0.708044548194,0.633287493708,0.592295975925,0.710028534989,0.89991728314,0.840048802167,0.569622470109,1.0,0.476070237253,0.458949108267,0.72217696578,0.464896630999,0.656194905798,0.524788752254,0.818580233186,0.393353186597,-0.318204915415,-0.260143850776,-0.745346112681,0.182607491105,-0.439373478953,0.484383672033,0.0522237810789,-0.274818186243,0.697120603999,-0.792785283723,0.642406625275,0.369322598267,0.794995360634,0.396876778296,0.556339258083,0.0612061264868,-0.0520549626517,-0.548707307937,0.167690928045,0.550375977216,-0.150232695194,-0.787699486015,-0.487019777309,0.0618778472826,0.774448673834,0.665521037693,0.377010294263,-0.141319441629,-0.477489100352,-0.332279259515,0.171856452776,0.349126994552,-0.487668371935,-0.338071287598,0.46997047442,0.14198317804,0.588487973641,0.37646906824,0.429268734405,-0.496162311832,-0.143158935038,0.124067346654,-0.284956352441,-0.036933660281,-0.181789130569,0.0421921435961,0.526240065628,0.408800071136,0.734018963606
26,0.84755170799,0.690105757251,0.772363665748,0.709209574812,0.72184581974,0.725390984575,0.834371036775,0.777802407063,0.646987867436,0.921112174759,0.95963096908,0.86073893911,0.843087689832,0.778285238894,0.918844381631,0.653188932416,0.862071620551,0.815734745177,0.843226951696,0.928442616006,0.807155214574,0.809675344912,0.575184821744,0.724576566045,0.924726858268,0.476070237253,1.0,0.845581364289,0.739471774091,0.772517760617,0.859924823256,0.893793241997,0.141130668228,0.710847622627,-0.272897136629,0.426489705543,-0.656249500064,0.746513994431,-0.254814412054,0.61125674299,0.000295226934465,-0.176590931877,0.802817991476,-0.56288626248,0.710224598612,0.757113707681,0.148411034357,0.866900150176,0.8098669361,0.20360354325,-0.0403961382313,-0.754365412685,0.0614345876893,0.730729137604,0.0110714391986,-0.550991130595,-0.694403313804,0.432001633109,0.577502146097,0.291997734196,0.686090148166,-0.331386149527,-0.514566828875,-0.222320556589,-0.381148634225,0.663453489691,-0.359948919649,-0.282503149561,-0.0148350991655,-0.091574486867,0.12480895793,-0.0145630533616,0.51354950883,-0.661191431196,-0.0658818301852,-0.362543657813,-0.181086612791,-0.597276032948,0.181005740249,-0.158709146563,0.227644704931,0.236158777853,0.404513686569
27,0.834697302313,0.683246258159,0.749754276275,0.712798970141,0.726063925993,0.739099646732,0.857460485663,0.781694810547,0.653558788775,0.886764627714,0.877074480701,0.837449782516,0.844482020346,0.83568098934,0.836702271032,0.664364607684,0.87355263811,0.807661801173,0.859370374281,0.84484985679,0.798679210409,0.869084259256,0.56498421264,0.741011580741,0.873203542766,0.458949108267,0.845581364289,1.0,0.771209508965,0.818664723067,0.821055462263,0.891246534115,0.111810119848,0.726386070856,-0.269152984857,0.215202323742,-0.688017679592,0.73408351528,-0.26987297384,0.682366508681,-0.0835951927328,-0.201447320139,0.766291169296,-0.559641594736,0.77713064999,0.687895806918,0.143420685953,0.789969712042,0.808685643501,0.220726794485,-0.19711615989,-0.794400436408,0.0872579051869,0.542914510868,-0.162910157849,-0.480086538566,-0.73958531223,0.478245508749,0.594687099634,0.321638448126,0.803985559692,-0.298799191041,-0.441567966827,-0.254785373981,-0.357243077872,0.579096745025,-0.542876943413,-0.328644160692,-0.106315796145,-0.0749968018379,0.0934101357003,-0.0516644044004,0.41830517158,-0.574560019757,-0.13522625569,-0.358920456906,-0.246898910158,-0.554715559337,0.0585920627493,-0.240295766512,0.244769939876,0.247704162075,0.413953474735
28,0.887150553024,0.851490949771,0.844896965054,0.883368510058,0.850254023147,0.869062008526,0.874316441508,0.897559016046,0.826822484539,0.798195918307,0.822911959434,0.871807341614,0.914011786649,0.77429615191,0.85013580292,0.832137173738,0.839564110491,0.868704430778,0.913223481575,0.823930283986,0.882018861308,0.844818058375,0.750187247984,0.892792293995,0.816414657438,0.72217696578,0.739471774091,0.771209508965,1.0,0.849728572153,0.864371984598,0.827571030189,0.386224174457,0.776258229397,-0.227632476237,0.0173736056402,-0.68708778492,0.535651263959,-0.195680682668,0.762145291069,0.149920967408,-0.335618513128,0.815786528203,-0.771189267149,0.922868271009,0.592905862421,0.465688360687,0.671174389816,0.863335591071,0.219919799988,-0.232663145214,-0.73986912415,0.206040240151,0.587915590695,-0.179620458344,-0.662763977583,-0.629011389929,0.50875917352,0.818761981761,0.726563503602,0.615728430417,-0.0848756458558,-0.458549906749,-0.235932148197,0.0465286736224,0.614464214407,-0.580844969271,-0.240840625619,-0.00135060563433,-0.161707586901,0.324757029317,0.19114427691,0.485729191805,-0.509928792823,-0.180761748522,-0.145352309728,-0.245211349006,-0.319788852412,-0.193978019979,-0.159336855849,0.379482513122,0.290416581453,0.569741822261
29,0.796872162748,0.669068700051,0.727739287196,0.728421949565,0.732002377714,0.743909986553,0.82244716509,0.816017138003,0.635547704862,0.811971123599,0.824898283113,0.798119516526,0.831864561666,0.776675045577,0.824108764614,0.650734915018,0.822283313821,0.788076503775,0.862436453848,0.76450885971,0.909160670046,0.775363984248,0.544075042351,0.768283841284,0.802719352291,0.464896630999,0.772517760617,0.818664723067,0.849728572153,1.0,0.848149230682,0.865077092281,0.0819482284675,0.882288292846,-0.103791104037,0.137721345357,-0.540523553241,0.657435196258,-0.0317050313131,0.656598858071,0.0299946568071,-0.275380076922,0.71663306762,-0.62878033728,0.826626213013,0.607801392274,0.189136366368,0.720969915631,0.893346521857,0.356838731749,-0.303771534799,-0.759835257301,0.156979851019,0.471477428483,-0.196740341096,-0.481547690467,-0.711720883108,0.624337543825,0.600381846233,0.526060280384,0.601527850508,-0.0443241508771,-0.253072588698,-0.164785840144,-0.186066442585,0.623605308959,-0.533002881097,-0.166192860713,-0.224222726831,-0.181041340686,0.094370729131,0.123853829042,0.300737367642,-0.514881443294,-0.165130953572,-0.254224381803,-0.250475069981,-0.483260624526,-0.154048234441,-0.225313033267,0.225776660065,0.179091295616,0.346170636198
30,0.931098381321,0.848527920809,0.907627977642,0.877370636119,0.848982312091,0.871183218315,0.90954991912,0.91523182576,0.808745390147,0.860733043812,0.923767266875,0.917331903188,0.927460339324,0.813668443873,0.928535514028,0.823479653822,0.892428111959,0.931556281818,0.940071978083,0.901591912451,0.910734379696,0.909511423076,0.746517775817,0.89661827467,0.887008430191,0.656194905798,0.859924823256,0.821055462263,0.864371984598,0.848149230682,1.0,0.903885397521,0.305195719676,0.826487753735,-0.206762752189,0.207799510028,-0.711940164166,0.602317716452,-0.189332303262,0.707909159367,0.0132818236077,-0.324565430575,0.838164112305,-0.73661834434,0.813231418016,0.635443861684,0.319283360788,0.802193993333,0.878647485212,0.267851281803,-0.239199914639,-0.798154792811,0.0501649050789,0.664870031269,-0.144042734255,-0.686528295494,-0.757723907767,0.443293353964,0.711945476997,0.512518366481,0.661998851455,-0.251235473254,-0.482904408498,-0.230037690384,-0.214715688265,0.727795238921,-0.53702752047,-0.33296131287,0.0177362600694,-0.136658123998,0.222129476021,0.127324732394,0.518738387807,-0.642372263224,-0.197974131645,-0.200769023357,-0.238649639012,-0.48865002109,-0.046197879738,-0.145139082118,0.327409185747,0.337293308674,0.542059500734
